   2.0642086e+01
   9.1697983e+00
   1.1000000e+01
   1.2286810e+01
   4.9826151e+01
   1.4000000e+01
   4.8000000e+01
   2.7750000e+01
   4.7500000e+01
   3.4120712e+01
   2.3817874e+01
   1.0500000e+01
   1.3096911e+01
   4.2500000e+01
   1.5381834e+01
   4.5000000e+01
   8.0000000e+00
   4.9000000e+01
   2.1500000e+01
   4.2138298e+01
   4.7616167e+01
   2.7495809e+01
   5.0000000e+01
   4.0000000e+01
   1.5000000e+01
   8.0796507e+00
   3.6557576e+01
   4.4562280e+01
   1.9110682e+01
   4.3708656e+01
   3.9537136e+01
   4.1500000e+01
   4.4805705e+01
   1.6381939e+01
   3.7500000e+01
   3.1500000e+01
   3.8500000e+01
   2.4848234e+01
   3.6004617e+01
   2.3500000e+01
   3.5500000e+01
   2.2452300e+01
   7.6131005e+00
   2.7843219e+01
   3.1775188e+01
   6.5400368e+00
   3.7456100e+01
   3.2500000e+01
   4.3000000e+01
   5.9106921e+00
   1.6000000e+01
   4.3500000e+01
   3.4236244e+01
   1.6115206e+01
   1.9500000e+01
   9.8151296e+00
   4.2641361e+01
   2.6500000e+01
   3.9929128e+01
   4.1000000e+01
   3.2500382e+01
   7.5000000e+00
   3.0500000e+01
   2.4823828e+01
   3.9000000e+01
   1.0856419e+01
   3.8548793e+01
   1.1156432e+01
   4.7000000e+01
   5.0712803e+00
   6.0000000e+00
   1.8344027e+01
   4.5824823e+01
   2.3352595e+01
   2.2000000e+01
   3.6000000e+01
   9.0000000e+00
   4.7770816e+01
   2.5500000e+01
   9.2122937e+00
   4.4000000e+01
   1.9351338e+01
   3.3500000e+01
   1.7805668e+01
   1.1500000e+01
   2.7000000e+01
   3.2000000e+01
   7.2389490e+00
   2.8863219e+01
   2.8500000e+01
   4.1064114e+01
   3.3000000e+01
   5.5396499e+00
   3.0000000e+01
   2.0000000e+01
   1.7500000e+01
   3.9500000e+01
   9.6469820e+00
   3.8000000e+01
   7.8886081e+00
   1.1682267e+01
   1.6239800e+01
   9.1966181e+00
   6.9559707e+00
   3.5047236e+01
   9.5000000e+00
   4.6000000e+01
   6.5000000e+00
   1.2000000e+01
   4.0500000e+01
   2.9500000e+01
   4.8110200e+01
   8.4117649e+00
   2.1416677e+01
   1.5012348e+01
   4.5500000e+01
   2.6000000e+01
   1.4000000e+01
   2.5213900e+01
   2.2500000e+01
   4.7057318e+01
   3.6685922e+01
   1.5500000e+01
   7.5273809e+00
   1.5509367e+01
   1.7000000e+01
   1.0383857e+01
   3.1014673e+01
   4.0576214e+01
   1.3444812e+01
   2.7062880e+01
   2.9697050e+01
   1.8500000e+01
   2.9347127e+01
   4.9500000e+01
   5.5000000e+00
   2.1000000e+01
   7.0000000e+00
   1.5674500e+01
   4.5698046e+01
   2.5987600e+01
   4.2000000e+01
   8.1601473e+00
   3.0315812e+01
   1.0134500e+01
   1.3824875e+01
   6.4890292e+00
   3.9218191e+01
   3.6500000e+01
   2.4000000e+01
   1.1766109e+01
   1.0000000e+01
   4.9811716e+01
   1.3000000e+01
   2.0200645e+01
   3.5000000e+01
   4.4841322e+01
   1.7500000e+01
   2.2442839e+01
   2.4500000e+01
   4.8762572e+01
   3.5952751e+01
   2.7500000e+01
   2.8265627e+01
   1.9151403e+01
   3.8977203e+01
   2.9000000e+01
   3.7000000e+01
   7.1516211e+00
   4.0452900e+01
   5.5956165e+00
   2.0738327e+01
   4.1783754e+01
   2.5564210e+01
   1.3500000e+01
   2.0500000e+01
   4.4500000e+01
   2.8000000e+01
   3.0145448e+01
   9.9580103e+00
   2.3000000e+01
   1.8000000e+01
   1.5412616e+01
   8.5000000e+00
   3.5311335e+01
   3.1637259e+01
   3.4000000e+01
   6.5569354e+00
   5.8533759e+00
   1.7474893e+01
   3.1000000e+01
   2.5386581e+01
   1.6500000e+01
   2.2500000e+01
   1.1540840e+01
   1.9000000e+01
   1.4500000e+01
   3.4500000e+01
   4.2466487e+01
   4.6009631e+01
