   3.8395412e+00
   2.4951339e+00
   3.4933711e+00
   3.0611453e+00
   4.3114245e+00
   2.9126926e+00
   4.5397785e+00
   3.5077461e+00
   4.5740691e+00
   3.9566519e+00
   3.4637136e+00
   3.1035147e+00
   2.6017746e+00
   4.4102118e+00
   3.0095645e+00
   4.7063809e+00
   2.8903463e+00
   4.5573908e+00
   3.5450534e+00
   4.2964977e+00
   4.3648489e+00
   3.3676966e+00
   4.5675806e+00
   4.3276683e+00
   3.1982512e+00
   2.4814676e+00
   3.9984063e+00
   4.3174658e+00
   3.0585850e+00
   4.1209054e+00
   3.7880566e+00
   4.5365784e+00
   3.9647379e+00
   2.9869235e+00
   4.1482102e+00
   4.4549081e+00
   4.5113290e+00
   3.9770334e+00
   4.2229478e+00
   3.8676040e+00
   4.4939107e+00
   3.1289000e+00
   2.2882078e+00
   3.6507900e+00
   3.7172028e+00
   2.3609196e+00
   1.6845000e+00
   4.1431756e+00
   4.4737303e+00
   1.6645461e+00
   3.2889718e+00
   4.2505503e+00
   4.0825997e+00
   3.0222495e+00
   3.4908162e+00
   2.8596488e+00
   4.0145703e+00
   4.0036893e+00
   3.8929693e+00
   4.2033471e+00
   3.6623452e+00
   2.5969143e+00
   4.0813105e+00
   3.4807991e+00
   4.6360344e+00
   2.3172240e+00
   3.9424926e+00
   2.4103306e+00
   5.0100168e+00
   1.9319125e+00
   2.6569931e+00
   3.3736941e+00
   4.4669923e+00
   3.5503031e+00
   3.9313583e+00
   4.2504818e+00
   3.0621121e+00
   4.0383709e+00
   3.8978367e+00
   2.3305851e+00
   4.5370699e+00
   3.4100339e+00
   3.9015485e+00
   3.3536058e+00
   3.5279429e+00
   4.0946996e+00
   4.0205727e+00
   2.2301400e+00
   3.4006948e+00
   4.1971677e+00
   4.3523736e+00
   4.2417198e+00
   1.8307056e+00
   4.2542856e+00
   3.7606955e+00
   3.4321754e+00
   4.5147519e+00
   2.6839232e+00
   4.0661535e+00
   2.4372937e+00
   2.5498834e+00
   2.1329000e+00
   2.7450874e+00
   1.9094019e+00
   4.0818128e+00
   3.1226578e+00
   4.2613617e+00
   2.2903619e+00
   3.2264858e+00
   4.2591713e+00
   4.2194519e+00
   2.3742000e+00
   2.5486733e+00
   3.6783162e+00
   3.1418309e+00
   4.4339576e+00
   3.9764757e+00
   3.1911613e+00
   5.1232000e+00
   3.7908394e+00
   4.7230442e+00
   3.9126567e+00
   3.3700507e+00
   2.2337955e+00
   3.1326855e+00
   3.5547236e+00
   2.3829786e+00
   3.6722499e+00
   4.0727313e+00
   2.7833512e+00
   3.4303615e+00
   3.7255183e+00
   3.5421407e+00
   3.4676590e+00
   4.4397686e+00
   2.5402143e+00
   4.0186811e+00
   2.2951815e+00
   4.3607229e+00
   4.1322459e+00
   2.9236000e+00
   4.2630681e+00
   2.4869465e+00
   3.7741801e+00
   3.6800823e+00
   2.8588129e+00
   2.0529544e+00
   4.1150228e+00
   4.6226613e+00
   3.6741865e+00
   2.5370861e+00
   1.9155709e+00
   4.2319896e+00
   3.5366232e+00
   3.4022708e+00
   3.6823203e+00
   4.1651290e+00
   3.3068875e+00
   3.5157069e+00
   3.6269048e+00
   4.4340586e+00
   4.1125559e+00
   4.0346368e+00
   3.6220320e+00
   3.1942633e+00
   3.7476717e+00
   3.7576889e+00
   4.6418635e+00
   2.0064504e+00
   3.1657079e+00
   2.2132736e+00
   3.1919149e+00
   3.9629862e+00
   3.0870061e+00
   3.3067235e+00
   3.7004555e+00
   4.3235311e+00
   3.9710301e+00
   3.8418596e+00
   3.1171078e+00
   3.8339409e+00
   3.3549334e+00
   3.2050759e+00
   2.8808412e+00
   4.3223466e+00
   3.7823374e+00
   4.3117770e+00
   1.9228273e+00
   2.0794680e+00
   3.1212037e+00
   4.1482979e+00
   3.4840713e+00
   3.5578065e+00
   3.8966807e+00
   2.9619729e+00
   3.6746417e+00
   3.2423388e+00
   4.0211134e+00
   4.0285489e+00
   4.2317245e+00
